f = figure;
%-------------ex1--------------cr/mr - elit
m = [     0.2540    0.2630    0.3430    0.4690    0.5630    0.6450    0.7330    0.8400    1.0430;
    0.2050    0.2830    0.3750    0.5380    0.5620    0.6450    0.7370    0.8360    0.9160;
    0.2100    0.2560    0.3420    0.4640    0.5620    0.6420    0.7390    0.8370    0.9190;
    0.1710    0.2540    0.3400    0.4660    0.5580    0.6450    0.7320    0.8270    0.9240;
    0.1680    0.2560    0.3390    0.4670    0.5580    0.6510    0.7310    0.8280    0.9220;
    0.1710    0.2500    0.3380    0.4650    0.5550    0.6400    0.9600    1.0310    1.1550;
    0.2100    0.3180    0.4270    0.5690    0.6910    0.7910    0.9110    1.0310    1.1510;
    0.2290    0.3410    0.4710    0.5760    0.7430    0.8140    0.9170    1.0380    1.1580;
    0.2210    0.3190    0.4260    0.5830    0.7520    0.7970    0.9130    1.0300    1.1550];

m = [    24.7258   24.2628   23.3941   23.4804   22.9901   22.2764   22.4508   21.2838   21.9973;
   25.6146   24.3048   23.7413   23.3113   22.2916   22.6156   23.1274   21.9736   22.6411;
   24.6564   24.7235   23.5932   22.6137   22.9559   22.3881   22.4402   22.3176   22.6393;
   24.9928   24.5350   24.2464   23.2811   22.8923   22.2945   22.2274   22.3576   21.9055;
   25.3582   24.5296   23.6930   23.3882   22.9819   22.5225   21.9026   22.0123   22.7942;
   25.0848   24.3301   23.5196   23.4750   22.9765   22.9208   22.4614   21.9155   22.1382;
   25.6436   23.3708   23.8393   22.8711   22.8458   21.8937   21.3734   22.2648   22.1726;
   25.8554   24.6586   23.3351   23.5584   22.6580   22.6573   22.5666   21.9627   22.1256;
   25.6011   24.5842   23.4092   23.5188   23.2813   22.2494   22.2474   22.6040   22.4731   ];

%-------------ex1-------------- pop - elit
m = [ 0.6310    0.5670    0.7100    1.1340    1.1610    1.4840    1.6240   2.3340    2.5410;
    0.6240    1.0960    1.5090    2.0940    2.5810    3.0080    3.4620  4.2410    4.9350;
    1.0280    1.6680    2.2700    2.9720    3.5000    4.2820    5.0190  6.3080    7.4970];

n = [26.2111   26.0062   24.6833   25.1542   24.0887   23.6247   23.8197  23.0959   24.5575;
   26.7006   25.2294   24.5550   24.0474   24.1665   23.1423   23.0555  22.9635   24.2736;
   25.2832   25.1766   24.5885   23.2572   23.7222   23.1136   22.3749 23.4284   24.1220];

%-------------ex1-------------- pop - cr/mr

m = [1.5950    1.1290    1.1840    0.9170    0.9490    0.6790    0.5790    0.4740    0.3720
    2.2530    1.9540    1.7640    1.5840    1.5220    1.2180    1.1360    0.9420    0.7450
    3.6340    3.3160    3.0800    2.6400    2.1290    1.8330    1.7460    1.5560    1.0540];

m = [23.8631   23.9422   22.5375   22.7602   22.5476   22.9751   23.3959   23.3507   22.8063
   23.9186   23.4395   22.5730   23.1955   23.0266   22.2203   22.7775   23.5340   23.0137
   23.8786   22.9693   23.2950   22.1572   22.6445   22.5128   22.8409   23.0342   23.1705];

%-------------ez-------------cr---mr--90-10
m =[  0.6670    0.6690    0.6560    0.6780    0.6810    0.7630    0.7650    0.7760    0.8120;
    0.6200    0.6450    0.6290    0.6710    0.6300    0.7220    0.6730    0.6420    0.6510;
    0.4720    0.4900    0.5200    0.5350    0.6010    0.6400    0.6380    0.6550    0.6280;
    0.4340    0.4530    0.4780    0.4680    0.4980    0.5160    0.5660    0.5170    0.5620;
    0.3540    0.4010    0.3990    0.4110    0.4400    0.4600    0.4510    0.4830    0.4740;
    0.3360    0.3820    0.4060    0.5460    0.5110    0.4350    0.3440    0.3540    0.3680;
    0.2210    0.2420    0.2450    0.2550    0.2830    0.4420    0.2910    0.3000    0.3160;
    0.1770    0.1870    0.2000    0.2050    0.2100    0.2270    0.2370    0.2470    0.2680;
    0.1330    0.1450    0.1550    0.1580    0.1720    0.1820    0.1890    0.1990    0.2100];

m = [   26.5906   26.5759   26.7602   26.6511   27.0185   25.9433   26.1832   26.3421   26.6771;
   25.8875   26.0242   25.5816   26.2558   25.5210   25.6338   25.8333   26.6510   26.4191;
   25.6969   26.1703   25.4009   25.9678   25.9626   25.8144   26.0779   25.9238   26.0826;
   25.7362   24.5380   25.5923   25.8722   25.6325   25.5569   25.3271   25.3754   26.4262;
   25.4503   25.9079   25.2813   25.3856   25.4559   25.6122   25.8930   25.8218   25.8568;
   25.3839   26.1517   25.3912   24.6796   25.4838   25.3507   25.5834   25.6385   26.1439;
   25.9814   25.2798   24.6709   25.5708   25.6961   25.3151   25.7232   24.9563   24.8871;
   26.2509   25.2300   25.1283   24.6997   25.4706   25.4377   24.6584   25.6099   25.3926;
   26.4330   25.4624   25.6098   25.4875   25.3710   25.3687   25.4984   25.5411   25.2910];

%-------------ez-------------cr---mr-95/80--5--1
m =[ 0.9870    1.0820    0.9590    0.9510    0.9730;
    1.0550    1.0670    1.0030    0.9930    0.9980;
    0.9440    0.9810    0.9490    0.9190    0.8930;
    0.9420    0.9640    0.9530    0.9020    0.9390;
    0.9250    0.9100    0.9290    0.9150    0.8900;
    0.9290    0.9100    0.9110    0.9150    0.9100;
    0.9100    0.9070    0.9060    0.9090    0.8920;
    0.8980    0.8830    0.8620    0.8650    0.8820;
    0.8820    0.8500    0.8280    0.8580    0.8790;
    0.8650    0.8540    0.8580    0.8400    0.8830;
    1.0110    0.9430    0.8620    0.8470    0.8430;
    0.8600    0.8490    0.8570    0.8530    0.9400;
    0.9080    0.9430    0.8490    0.8720    0.8370;
    0.8450    0.8430    0.8480    0.8090    0.8250;
    0.8190    0.8440    0.8170    0.8140    0.8270;
    0.8320    0.8390    0.8210    0.8170    0.9930 ];

n = [ 24.8267   24.4762   24.3075   25.1871   24.7872;
   24.2455   24.7184   25.0380   24.9716   24.8828;
   24.8772   25.0361   24.0321   24.4207   25.3923;
   24.2904   24.0798   23.8320   24.8159   25.2141;
   24.8473   25.2098   24.7882   23.8055   25.3137;
   24.6260   24.0190   23.2023   25.1441   24.1030;
   24.5921   24.5182   24.1248   24.7952   24.4798;
   24.1796   24.4087   24.3357   25.2133   23.7809;
   23.9371   24.2718   24.0877   25.5248   24.3068;
   24.4001   24.2131   24.2992   24.9337   25.7717;
   23.9962   24.1868   24.4306   24.1209   25.4006;
   24.0579   24.8582   25.1031   24.9188   25.5955;
   23.6749   24.6063   25.1965   24.7917   25.6354;
   23.4149   23.9818   25.2438   24.8909   24.7998;
   24.8845   25.1300   25.0011   23.4425   25.0669;
   24.4576   24.3082   23.7276   25.5460   26.0448        ];

%----------------------------------------------
vvv = [3.5300    3.0300    3.9850    4.3600    3.8400;
    3.7400    3.7850    3.8350    4.0600    4.3700;
    4.3250    4.2050    3.9000    3.6150    3.8500;
    3.6350    3.7050    3.5700    3.5500    3.6500;
    3.6900    3.6600    3.6700    3.7450    3.6800;
    3.6200    3.5500    3.6250    3.5800    3.4700;
    3.3300    3.4100    3.3650    3.6150    3.4350;
    3.2500    3.2550    3.2450    3.2900    3.2600;
    3.2700    3.2950    3.3050    3.8650    4.0900;
    3.3150    3.2400    3.4050    3.3700    3.3700;
    3.2800    3.3150    3.3500    3.3900    3.3650;
    3.3900    3.2950    3.5700    3.8700    3.4800;
    3.2150    3.2150    3.3250    3.1800    3.3450;
    3.1800    3.2200    3.1400    3.2200    3.1300;
    3.0400    3.2000    3.2100    3.2750    3.4100;
    3.2550    3.1750    2.9400    3.1750    3.6300];

