f = figure;
%--------base--200
mn = [2.7960    2.6510    2.6480    2.5230    2.4930    2.4560    2.4140    2.3660    2.3180;
    2.3630    2.3070    2.2940    2.2480    2.1920    2.1560    2.1100    2.0750    2.0320;
    2.1470    2.1040    2.0790    2.0170    1.9840    1.8900    1.8600    1.8030    1.7630;
    1.8150    1.7830    1.7660    1.7190    1.7010    1.6550    1.6000    1.5630    1.5120;
    1.5960    1.5620    1.5190    1.4930    1.4400    1.4050    1.3630    1.3290    1.2780;
    1.3650    1.3280    1.2840    1.2370    1.2170    1.1810    1.1320    1.0880    1.0570;
    1.1310    1.0840    1.0540    1.0110    0.9760    0.9500    0.8970    0.8780    0.8310;
    0.8950    0.8570    0.8170    0.7840    0.7610    0.7130    0.6880    0.6550    0.6160;
    0.6610    0.6250    0.6540    0.6030    0.5300    0.5020    0.5450    0.4300    0.4010];

mn = [18.4282   18.6705   18.3799   18.5128   17.6721   18.1227   18.2313   18.2619   18.0543;
   18.4035   17.8674   17.9097   17.2934   17.2302   16.4855   17.6940   17.3099   16.7315;
   17.7512   17.9519   17.5558   17.4053   17.2683   17.3605   16.8084   16.8164   17.2874;
   16.8635   17.0318   16.9712   16.8126   16.6328   17.1243   16.3667   16.8450   16.3609;
   16.7044   16.7277   16.4267   16.5708   16.1194   16.5853   16.2294   16.5973   16.7136;
   16.8648   16.6809   16.3774   16.0589   16.9646   15.8758   16.7992   16.1136   16.8199;
   16.2001   16.3519   16.3191   15.7618   16.2319   16.0360   16.3954   16.2684   16.9390;
   16.1465   15.9415   16.0748   16.2009   16.1661   15.5918   16.1053   16.8125   17.3914;
   16.0106   15.8716   15.9058   16.0688   16.0604   16.4993   17.0402   18.0216   18.2178];

%-------base--400

m = [  5.3570    5.1070    5.0450    4.9490    4.8500    4.7400    4.7140    4.5470    4.4780;
    4.6020    4.5290    4.4120    4.3500    4.2430    4.3680    4.0950    3.9880    3.8800;
    4.1170    4.0210    3.9340    3.8100    3.7280    3.6450    3.5460    3.5980    3.4470;
    3.6380    3.5440    3.4500    3.3650    3.2820    3.1730    3.1020    3.0070    2.9320;
    3.1160    3.0470    2.9850    2.8820    2.8180    2.7320    2.6440    2.6460    2.4720;
    2.6940    2.6070    2.5160    2.4370    2.3650    2.2930    2.1970    2.1290    2.0610;
    2.2200    2.1360    2.0800    1.9990    1.9110    1.8570    1.7780    1.7100    1.6120;
    1.7590    1.6850    1.6170    1.5520    1.4780    1.4160    1.3450    1.2800    1.2080;
    1.3010    1.2310    1.1780    1.1160    1.0400    0.9930    0.9140    0.8460    0.7810];

m = [   16.9991   16.5653   15.3442   16.3575   16.0971   15.5285   15.3065   15.2010   15.0713;
   15.4228   15.5786   15.3868   14.8591   14.6006   14.2695   14.3064   14.1237   14.3044;
   15.1291   14.7703   14.4554   14.1832   13.8285   13.6803   13.6168   13.8376   14.0337;
   14.5011   14.2888   13.7227   13.6715   13.5798   13.4454   13.3289   13.4666   13.4502;
   14.0149   13.5847   13.3804   12.8071   13.1453   12.9258   12.9527   13.1725   13.9694;
   13.6092   13.2864   12.9383   12.7167   12.8252   13.0564   12.8821   12.5935   13.4930;
   13.4410   12.8996   12.6058   12.4622   12.5991   12.6138   12.9390   13.2120   13.3222;
   12.6803   12.7947   12.5326   12.6103   12.0211   12.2280   12.8355   12.7468   14.0150;
   12.3258   11.7417   12.1735   12.4534   12.1013   12.6297   12.9769   13.3968   14.7367];

%---------------------new ops

mn = [    3.1470    2.7220    2.6980    2.6910    2.6530    2.6360    2.6100    2.5910    2.5580;
    2.4710    2.4410    2.4230    2.4120    2.3910    2.3570    2.3470    2.3000    2.2900;
    2.3700    2.1880    2.1520    2.1230    2.1080    2.0810    2.0740    2.0460    2.0050;
    1.9370    1.9240    1.9150    1.8670    1.8510    1.8200    1.7860    1.7650    1.7620;
    1.6770    1.6540    1.6530    1.6180    1.5720    1.5390    1.5370    1.4950    1.4760;
    1.4150    1.3770    1.3660    1.3460    1.3760    1.3040    1.2730    1.2450    1.2090;
    1.1520    1.1440    1.1020    1.0740    1.0680    1.0350    1.0300    0.9930    0.9680;
    0.8990    0.8840    0.8450    0.8350    0.8070    0.7920    0.7620    0.7490    0.7020;
    0.6350    0.6050    0.5840    0.5720    0.5490    0.5230    0.5110    0.4720    0.4450];

mn = [   14.5647   14.0814   14.5077   14.4357   14.2117   13.9367   13.6333   13.7583   12.7120;
   14.4389   14.4914   14.7544   14.5297   14.4988   13.8323   13.7485   13.3866   13.9802;
   14.1374   13.8927   14.2434   14.0707   14.4339   13.4640   13.5544   13.5597   13.8338;
   14.5723   14.6868   14.1772   14.5210   14.2650   13.8734   13.9119   13.3247   13.6967;
   15.1729   14.9516   14.6094   15.0704   14.5851   14.3273   14.6363   14.7155   14.7108;
   15.2141   14.3900   14.9066   14.9319   14.7267   14.1616   14.5694   14.9876   14.9440;
   15.0350   14.9733   14.9704   14.7937   15.1652   14.8426   14.9765   14.9458   15.7130;
   15.5572   15.2908   15.5719   15.4389   15.7863   15.5696   15.8431   15.6720   16.9378;
   15.8611   15.5958   16.0358   15.1379   15.8190   15.6579   17.1824   16.9805   19.4694];
%-----------------------tournamnet
 mn =[2.8970    2.6460    2.5690    2.5400    2.5460    2.4360    2.4010    2.3730    2.3500
    2.3410    2.3320    2.2820    2.2300    2.2660    2.1600    2.1110    2.0630    2.0710
    2.1200    2.0830    2.0700    1.9620    1.9030    1.8710    1.9070    1.8580    1.8030
    1.9140    1.8510    1.7970    1.7670    1.7260    1.6780    1.6340    1.6030    1.5560
    1.6380    1.5930    1.5520    1.5100    1.4780    1.4340    1.3970    1.3550    1.3060
    1.3930    1.3530    1.3020    1.2750    1.2340    1.1880    1.1530    1.1250    1.0740
    1.1470    1.0980    1.0780    1.0320    1.0060    0.9530    0.9290    0.8920    0.8480
    0.9110    0.8690    0.8480    0.8590    0.7670    0.7360    0.7050    0.6670    0.6360
    0.6690    0.6430    0.6190    0.5770    0.5870    0.5550    0.4960    0.4700    0.4090];
 
 mn = [   19.1935   18.3916   18.6277   18.9526   18.3341   18.3527   18.4984   18.2059   17.8194
   17.8762   17.7867   17.5565   17.4683   17.6957   17.8802   17.3541   17.5062   17.3932
   17.4177   17.1482   17.1489   17.5677   17.5901   16.8897   16.9891   17.3703   16.9710
   17.2608   17.0473   16.3425   17.0001   17.0306   16.6123   16.5662   16.9341   16.6584
   16.4035   16.6006   16.5656   16.6634   16.2834   17.0479   16.0448   16.3294   16.7601
   16.3119   16.7197   16.1942   16.6949   16.1595   16.0078   16.2153   16.7496   16.6692
   16.4863   16.3364   16.3450   16.5029   15.9934   16.4969   16.3883   16.5875   17.6348
   16.1704   16.4509   16.0782   15.9564   16.5476   16.2006   16.7083   16.8817   17.0899
   15.3531   16.2043   16.2498   15.6946   16.3540   17.1206   16.5366   17.7664   18.1937
];

%--------------------------tourmanent 2

mn = [    2.9730    2.6360    2.7390    2.5510    2.5100    2.4660    2.4340    2.3740    2.3470;
    2.3820    2.3430    2.3190    2.2560    2.2150    2.1690    2.1100    2.0740    2.0470;
    2.1010    2.0660    2.0440    1.9790    1.9430    1.9000    1.8700    1.8010    1.7870;
    1.8580    1.8480    1.7960    1.7370    1.6930    1.6660    1.6270    1.5840    1.5330;
    1.6120    1.5700    1.5480    1.5360    1.4510    1.4070    1.3740    1.3400    1.2950;
    1.3930    1.3510    1.4230    1.3030    1.2140    1.1810    1.1440    1.0970    1.0680;
    1.1600    1.0940    1.0540    1.0390    1.0490    0.9510    0.9280    0.8770    0.8370;
    0.8970    0.8620    0.8360    0.7900    0.7620    0.7270    0.6950    0.6490    0.6180;
    0.6580    0.6370    0.5990    0.5670    0.5410    0.5050    0.4800    0.4360    0.4060];

